12.5236,122.19,241,1,0,0,0
13.791,121.83,412,12,0,0,0
12.771,122.14,420,4,0,0,0
20.3496,120.15,920,73,16,0,0
12.1497,122.23,398,3,0,0,0
15.3595,121.48,438,9,0,0,0
19.4658,120.48,632,61,1,0,0
42.7838,113.92,640,217,130,3,0
12.925,122.12,381,0,0,0,0
14.4227,121.76,378,3,0,0,0
20.4735,120.07,659,50,15,1,0
21.2288,120.12,423,33,2,0,0
22.2893,118.14,628,54,6,2,1
17.5389,120.87,552,27,3,1,0
28.9461,117.66,723,129,41,7,0
29.5173,112.73,601,111,22,6,4
61.4995,101.75,715,379,389,25,9
14.8949,121.63,455,9,0,0,0
13.9226,121.84,457,7,0,0,0
15.2803,121.52,453,11,0,0,0
46.7395,104.02,576,219,123,9,13
46.3826,107.25,606,187,118,12,17
45.7752,106.14,613,193,105,12,17
46.474,110.2,582,214,127,7,10
45.8009,109.13,591,212,117,12,8
48.1485,112.47,703,262,212,1,0
54.3831,104.84,629,283,238,22,6
42.5991,113.05,768,293,146,9,1
41.8766,107.99,692,279,106,5,3
39.5787,111.7,745,227,108,3,2
34.5465,114.81,851,210,77,4,2
56.0176,105.77,641,348,272,7,2
22.487,119.61,860,109,11,3,0
45.3846,110.81,579,227,124,5,5
43.6363,109.21,630,181,104,11,14
43.471,110.49,577,239,115,1,8
50.2128,109.91,523,259,155,2,1
49.6622,109.29,542,223,163,8,4
27.3946,118.27,744,110,45,1,0
27.9343,118.09,751,101,46,2,0
26.3292,118.54,752,104,43,1,0
27.0028,118.42,741,114,44,1,0
56.7213,109.83,576,310,281,11,0
44.6787,110.94,599,204,128,6,3
46.3966,107.31,573,222,132,8,5
21.6383,119.62,883,80,14,6,0
20.6361,120.25,887,93,3,0,0
29.981,114.36,789,145,56,0,1
27.4379,118.05,820,119,51,1,0
16.8209,121.12,450,18,4,0,0
17.2405,121.06,405,15,0,0,0
13.6399,121.92,328,6,1,0,0
15.6681,121.47,304,7,0,0,0
15.3563,121.56,447,13,0,0,0
14.3434,121.76,371,9,0,0,0
15.6837,121.42,339,8,0,0,0
11.9693,122.31,377,3,0,0,0
18.2593,120.56,332,20,1,0,1
25.6106,118.87,413,46,17,0,0
14.1674,121.81,311,3,0,0,0
50.2406,111.55,700,290,241,4,0
50.4107,106.36,683,253,220,20,2
54.7524,108.8,686,317,277,4,1
49.564,108.9,813,318,249,6,4
50.867,111.47,871,411,314,3,1
58.2728,107.56,646,341,324,14,3
44.0595,110.18,615,187,126,5,7
46.0013,110.44,593,163,173,2,1
28.0674,115.08,735,123,46,2,1
22.9068,119.46,793,93,20,1,0
31.7052,115.06,458,79,48,3,2
29.7625,117.64,467,90,32,1,0
13.7741,121.0,423,4,0,0,0
12.3331,122.24,425,2,0,0,0
16.2173,121.21,604,23,1,0,0
42.7826,111.57,599,219,114,7,1
42.1814,112.68,596,227,110,6,1
43.419,108.61,617,206,98,8,11
24.5904,119.1,772,91,37,0,0
41.4457,112.11,639,176,116,0,1
60.1372,104.9,891,517,491,22,5
23.6014,119.48,432,51,15,0,0
44.9125,[109.55]
22.0677,119.89,442,55,1,0,0
23.8028,119.42,437,57,4,0,0
20.9647,120.03,441,51,6,0,0
23.9196,119.42,502,67,8,0,0
22.5182,119.73,514,52,11,0,0
19.0772,120.59,536,41,0,0,0
14.8002,121.62,554,14,1,0,0
13.9305,121.82,560,9,0,0,0
16.2838,121.26,552,17,0,0,0
42.2936,112.04,536,219,91,1,1
17.5256,120.98,1044,57,0,0,0
16.9087,121.11,1050,51,0,0,0
40.1781,111.31,555,173,86,0,1
30.7893,113.36,635,136,40,3,1
16.1256,121.26,335,7,0,0,0
13.2464,121.99,337,5,0,0,0
13.1597,121.9,338,3,0,1,0
12.5955,122.14,340,2,0,0,0
14.5213,121.74,142,1,0,0,0
15.5043,121.55,141,2,0,0,0
13.3496,122.0,142,1,0,0,0
14.2699,121.74,140,3,0,0,0
13.1182,122.05,142,1,0,0,0
16.5527,121.23,369,9,0,0,0
14.8532,121.59,367,11,0,0,0
14.7462,121.67,368,10,0,0,0
13.8459,121.89,371,7,0,0,0
14.4667,121.73,371,6,1,0,0
14.1981,121.73,368,10,0,0,0
13.8458,121.89,373,5,0,0,0
16.3347,121.28,610,16,2,0,0
35.4247,115.9,713,161,91,5,0
34.6384,116.3,705,183,82,0,0
56.3842,105.89,991,481,503,3,2
40.648,114.97,638,180,114,0,0
58.6388,105.48,788,508,425,5,4
41.3404,113.21,699,229,112,8,2
39.5299,115.07,573,185,90,0,0
20.4614,118.17,807,52,11,0,1
19.8529,118.12,796,60,12,0,3
19.6527,120.13,797,62,12,0,0
16.8032,121.12,410,20,2,0,0
15.5,121.49,322,10,0,0,0
14.3687,121.73,417,10,0,0,0
12.4458,122.19,422,5,0,0,0
18.2392,118.37,321,12,4,0,1
12.7293,122.13,242,3,0,0,0
13.9476,121.75,389,8,0,0,0
14.9664,121.57,469,9,0,0,0
17.7984,120.93,434,16,0,0,0
15.5369,121.38,377,20,0,0,0
19.9911,120.41,534,43,6,0,0
15.8798,117.77,362,3,0,0,1
17.4145,120.99,394,19,1,0,0
16.4068,121.25,598,24,1,0,0
17.8447,120.89,686,33,4,0,0
13.7647,121.85,153,1,1,0,0
15.1457,121.52,151,4,0,0,0
14.5478,121.73,154,1,0,0,0
13.7863,121.92,154,1,0,0,0
11.7593,122.37,154,1,0,0,0
12.3985,122.2,338,4,0,0,0
11.4269,122.43,311,2,0,0,0
12.1364,122.26,237,3,0,0,0
14.3743,121.78,152,1,0,0,0
13.8796,121.88,151,2,0,0,0
14.3118,121.81,153,0,0,0,0
12.4824,122.22,153,0,0,0,0
13.699,121.9,342,4,0,0,0
11.4389,122.45,346,0,0,0,0
17.1172,121.07,390,13,0,0,0
12.4454,122.19,269,3,0,0,0
15.4864,121.47,532,18,0,0,0
15.1588,121.61,538,12,0,0,0
16.7688,121.13,350,16,0,0,0
14.5721,121.72,372,6,0,0,0
18.1294,120.69,428,26,4,0,0
15.082,121.45,366,12,0,0,0
16.4304,121.18,453,10,1,0,0
15.9166,121.42,365,13,0,0,0
14.435,121.73,366,12,0,0,0
14.2964,121.72,369,9,0,0,0
14.1889,121.7,371,7,0,0,0
13.5562,121.86,371,7,0,0,0
13.4541,121.89,373,5,0,0,0
13.3276,121.93,372,6,0,0,0
13.3124,122.01,375,3,0,0,0
41.9751,114.16,657,183,149,1,0
42.0073,113.99,663,184,138,5,0
19.1695,120.48,489,40,2,0,0
19.513,120.45,596,42,2,0,0
28.99,112.8,479,73,36,1,1
30.9956,117.25,469,76,44,1,0
14.4503,121.74,297,4,0,0,0
15.7378,121.45,295,6,0,0,0
12.9381,122.09,299,2,0,0,0
29.7802,112.09,845,180,39,1,4
31.6649,117.19,634,136,51,0,0
25.6606,118.9,900,139,30,0,0
21.6677,119.84,482,58,3,0,0
32.273,116.76,638,131,56,2,0
31.5417,112.1,655,112,52,3,5
35.9625,109.13,606,148,64,5,4
34.3558,110.39,617,149,56,3,2
27.9999,118.12,669,103,39,3,0
24.0954,119.29,702,90,22,0,0
35.0523,112.14,850,177,111,5,1
41.1887,108.93,745,265,122,9,3
18.6469,120.59,286,21,0,0,0
18.3382,117.48,373,23,2,0,1
17.157,121.01,412,19,2,0,0
17.9868,120.73,407,22,4,0,0
15.0993,121.59,454,11,0,0,0
25.6944,118.66,525,77,18,2,0
14.0833,121.83,398,5,0,0,0
18.8443,120.65,426,26,1,0,0
50.9417,108.61,644,242,214,9,2
19.8535,120.31,553,52,5,0,0
19.1046,120.49,375,28,3,0,0
20.2262,120.31,582,35,5,0,0
21.8268,120.03,580,37,5,0,0
42.4179,112.92,690,168,122,7,3
19.9633,118.8,352,28,3,1,1
16.189,121.26,365,19,1,0,0
16.7926,121.14,252,10,0,0,0
17.5152,120.93,393,25,0,0,0
16.683,121.18,298,13,0,0,0
18.113,120.81,344,18,0,0,0
19.2241,120.52,365,24,0,0,0
20.0096,120.35,301,25,0,0,0
19.7081,120.39,367,28,4,0,0
14.8939,121.65,371,5,0,0,0
24.3424,119.19,718,87,21,0,0
15.3116,121.51,528,17,0,0,0
13.4162,121.91,393,9,0,0,0
14.4683,121.74,397,5,0,0,0
13.3304,122.01,400,2,0,0,0
15.3808,121.48,271,6,0,0,0
14.7334,121.64,275,2,0,0,0
17.2728,121.06,338,16,0,0,0
19.6739,120.48,482,34,0,0,0
18.6704,120.54,396,21,2,1,0
33.1887,110.51,804,176,68,8,4
59.9533,101.86,610,311,322,13,13
56.5084,106.09,596,348,272,12,1
36.459,114.41,516,149,46,8,3
33.9969,113.01,867,167,106,2,1
19.4386,119.96,215,14,0,0,0
14.6588,121.74,230,0,0,0,0
31.5444,116.87,642,128,45,0,0
21.486,119.84,695,83,5,2,0
19.6661,120.4,730,50,4,1,0
39.1382,114.86,702,156,130,2,0
14.6346,121.66,357,9,0,0,0
15.7766,121.3,435,16,4,0,0
18.4317,120.81,340,14,0,0,0
16.2586,121.27,501,21,0,0,0
13.1987,122.0,354,6,0,0,0
16.4638,121.26,282,8,0,0,0
17.5422,120.96,340,15,0,0,0
21.0443,120.18,350,19,1,0,0
16.9666,121.14,330,11,0,0,0
24.7877,118.87,317,30,18,0,0
19.7397,120.42,469,29,2,0,0
18.5408,120.72,375,24,0,0,0
22.6938,118.02,866,74,25,2,1
20.6639,118.82,869,82,15,1,1
23.4713,119.36,846,90,32,0,0
17.4279,121.04,321,10,0,0,0
27.3755,118.13,667,124,24,0,0
19.3695,120.44,399,32,1,0,0
15.9095,121.33,347,14,0,0,0
16.0585,121.21,556,24,0,0,0
19.591,120.49,490,17,6,0,0
17.7054,120.94,481,20,1,0,0
35.6756,116.05,604,168,75,1,0
16.3759,121.3,446,8,0,0,0
30.3785,112.59,837,129,44,7,7
19.9161,115.9,640,45,4,1,1
24.4327,113.94,796,83,15,4,2
24.455,119.14,792,79,27,2,0
26.8313,111.02,870,124,21,3,6
24.5509,114.58,886,107,27,2,2
33.7304,114.25,442,144,35,0,2
16.0138,121.43,313,4,0,0,0
14.0293,121.83,442,6,0,0,0
15.9271,121.32,493,16,3,0,0
15.8753,121.4,416,11,0,0,0
17.8457,120.88,389,22,1,0,0
14.9537,121.62,331,6,0,0,0
14.632,121.62,296,10,2,0,0
14.5274,121.71,278,4,0,0,0
16.2473,121.29,499,15,1,0,0
